6886672
2254833
683817
7907413
5771869
3394011
6756180
1025553
1846458
681664
785695
6013009
6701295
7352943
1194151
6426367
7394569
710556
802450
709884
6210856
777107
5000434
2086860
1070788
1943066
1119485
2058866
2348999
8516294
6601104
6612558
1830443
1757926
2572483
5877737
842058
6229819
3824795
5033765
707803
3437076
2319683
812655
8058706
4776578
778240
7197034
707696
2590227
707098
4600683
1379727
8448483
710516
708973
3198014
3748511
4991159
706557
707364
3323595
1599704
3438286
4811133
8483011
4758767
7790321
4605679
783074
805277
682140
842947
683915
948694
811425
4557486
978302
793252
6835539
706458
6782194
1098882
7894218
785657
8424700
2368227
6202103
5857706
1592464
8461159
708985
3240528
689875
786997
6899477
782360
3246086
5123723
1010664
8040621
2489743
703167
3445659
3545468
5068522
966660
6157327
4067173
701987
7130650
3170520
1106775
5978658
777211
8452317
705040
709498
4174141
2238587
2589530
4686493
1130721
781506
705398
877419
2196499
2405500
1793035
6874340
4848782
777212
2311013
2626750
2536994
947402
5078456
2198959
784539
3682982
1225045
5774303
703625
8448361
4823860
6525053
5313048
2178650
6922294
704507
6767406
3476520
2620233
2706873
802737
1060114
702968
792838
2065158
3181737
3771492
775463
5225770
974976
7910912
689797
5298012
7761506
4871532
7983885
3667575
811383
810526
2344411
4326330
6816842
6154391
689713
2168744
2636830
7045273
2441172
3928604
2709241
710557
777658
709095
978152
706382
6404301
4853191
1149067
1958963
816049
683500
7283260
4734525
797913
1751451
1553929
7382282
3538823
8738394
1475890
780476
813433
710588
7289227
8549703
3419947
782695
2515009
704302
2433587
848759
6855931
2419603
5073469
929204
3265661
7790125
707671
4379649
8631418
4461673
2146422
781515
2315370
784846
1989508
975385
5988389
7058216
953898
705104
2199363
703971
2457622
2302807
790625
5857807
4081668
794743
3623268
706776
683295
8051341
802079
2432742
5857820
1182413
777230
812472
966735
8598839
8564202
1568657
8505659
967060
3583579
7342649
4271449
1862090
7260636
3941361
3729072
708110
8594958
706380
4946105
7259314
708576
4328287
3248193
4837651
3463937
684780
710297
1737505
758350
3792563
8417944
8746596
796600
942474
2068674
8307550
5107529
1853455
975702
7316811
798223
3175153
4327380
4497817
710807
8497923
1529266
8272095
2420572
8129934
6477058
976834
8507273
3670827
4871346
2329940
977459
2339847
2523968
3661903
710542
1965955
1113826
1794338
4874120
977129
2166775
977197
1009473
812466
1838952
2069757
7068038
977805
6158030
1821090
702670
7652551
3531646
3536115
5294089
2420959
5123507
777056
975793
5093640
2479225
4148903
1758322
4854050
708894
1007508
4852160
7595754
1475892
8749498
7702904
705502
686302
709685
709684
7646966
6848529
3472537
2701449
683504
2332287
6846478
709030
708122
4880195
706379
1777205
1062078
4853954
3147246
6873652
788719
8566264
689349
707579
682141
2521714
5097851
7616104
4849326
3216991
787096
7707355
705949
7597050
802084
3474833
2517151
710719
2387073
947404
4853103
1799602
704849
777082
7234315
4563484
4729544
709806
1757541
4421450
689474
7895629
4850013
3245974
974672
2052663
5327285
2018764
1481184
8594849
3296633
5097938
3686046
799147
3381303
2722496
4852305
2034002
1160778
708397
4879518
7783208
5098212
704114
3846819
2252511
966188
7219787
7178741
3264973
702015
1014590
2513602
4521052
2425817
804171
687208
5098058
4869456
685102
7990611
7345767
4849792
785048
1431036
6482537
5770964
8625386
8487419
7137284
6154369
3224801
5077987
5097849
708252
5579811
3651691
8401757
1637953
4882072
858337
2561182
3471913
6948942
5857816
2070147
4871633
4223810
5064098
3194621
8410703
4869466
981694
7375606
4757146
4918572
4303019
5093724
4928055
3847845
6870466
976584
8279601
5068277
7283143
975209
4722701
7124601
6404594
7183111
7930109
800642
943183
4014572
704214
981992
4275292
5293171
4847562
977509
2649531
919362
1548080
5068500
5093659
2223251
5288997
710756
5122432
3652904
2620520
3471926
3165491
1010749
981960
5801643
1065771
4686561
6582974
5033510
706707
3153852
7323007
6994949
5771966
3422334
4882143
850343
705842
2653973
708907
3524194
2411095
704206
2516538
710077
976184
5327293
3324481
8119194
4366342
2312385
8428212
4880206
789023
4610657
2258572
976932
2161488
784464
4734663
805398
7906390
5097935
2295045
5111513
7787359
2148164
1475482
2403513
4353819
977165
709979
8491819
5087058
4873925
6884704
781813
2606436
4464954
5810889
7747004
2654821
1863792
978321
6913248
4893294
3602559
4876567
7202708
1239748
4081322
5039191
4165949
3683092
5486990
1928022
2278504
4604975
3268038
4852571
5327277
1049731
3225489
7047317
8589974
794287
4847902
5823323
8453840
5103177
8509574
3515420
3547458
706553
3167752
3831167
4131156
768304
3801532
2515962
2179962
7821594
4852709
2528140
709014
4882710
981774
1114789
947416
4272960
975314
1014559
4428340
2261258
4853380
3773152
706763
768318
2616792
7034962
4290550
4778365
1008077
4428357
2440943
967039
2519035
7814896
801251
2470933
976137
5007166
706418
702875
2243964
1074354
5771098
6848775
811735
3380174
5769200
1954579
6384805
1134231
2517265
705267
708731
3862824
7332668
974258
704602
974359
817000
5293264
2017144
2463364
4851071
3160533
8787373
2387061
5078859
5770934
683162
2481017
3642732
5103194
8465338
1006219
974871
6968713
2214556
2420566
1067401
7285603
8381024
3440601
2302761
929422
2647509
1510263
7049544
5051744
2445028
1218510
2384885
3664899
3840252
781253
5095342
2705424
1865902
6924195
1048699
702407
4588244
3441789
4852459
4327876
2418023
3639541
4849595
974777
778665
3603717
1857383
801218
3470585
7268205
8087781
7900596
977599
706574
4005418
3432858
8485908
8499449
1008049
6529838
1754732
3361611
782358
3568269
977098
5293259
2523654
2194831
1412355
977514
702727
7606379
5103081
7999033
4851542
6575502
982001
865164
2572064
5872990
710526
1733953
3308620
5859545
5078407
768309
7675181
4463283
2428838
4553219
978234
707648
4007727
982140
5775629
8755496
8821040
5769511
4851004
8782246
8811847
4874255
8835837
707171
6959270
787271
6575489
781487
701729
1160496
3671281
8014934
977717
7394416
794012
4324208
974598
707959
976185
5292952
976013
5550525
7992983
7002804
7243592
2508698
704034
4881763
1485046
688838
7987366
4849572
7045161
3899564
5078093
4873661
7250480
8720302
975690
2227983
4593219
6599584
950894
3809449
6516295
7607780
7332650
2517057
708893
5313315
2329173
7999214
3437513
975223
8614655
8634192
8645589
8609753
4868671
8598700
5795374
1009756
5093557
4869428
3833101
5033451
3296357
7034525
3709227
4604749
6424444
5093283
5077922
3508455
812451
682526
5107542
3619777
2058185
708351
5327296
4579326
5770976
8473037
8472536
5103631
3929625
3888192
1718502
977426
4868719
701438
805884
4016426
974565
4870374
4607224
4881987
8361228
802739
6676085
3485365
5810804
4879493
8415441
4851362
978349
4848262
4353828
768332
2314613
889596
4491429
5771148
5769530
6849048
7236258
2232971
3336827
705663
911434
768339
5097965
4853962
5103468
5769292
6890020
850448
6922893
4879389
1010865
3774212
800923
737243
6652827
975526
4285338
2329332
1308039
5093015
785824
4849577
1132655
2616108
2656764
2357714
703426
978003
786727
4547404
5068544
4513581
5769318
708630
5771093
5923125
4749637
976306
977126
3694365
4853699
1492220
947486
878262
5790616
4882014
710755
4553234
974481
976797
978716
8145481
948540
1054546
5769228
5293141
7912585
3467781
2407487
3979740
4025319
1185135
8764547
4848106
5098413
2049034
5068193
1412358
5103520
4923778
2426494
974715
797452
2643357
2419285
2314853
3344240
706383
3371819
683719
977522
4466625
5110350
817687
4473565
5313231
683125
981948
2420960
5098316
4721188
2051721
978775
974660
928977
8428531
6451001
6936409
3675100
7653793
7304157
2186024
4201179
6878924
5801911
4850031
977407
8472649
8527501
1600557
4852840
5103032
794019
1586920
7003190
4467915
7595245
2571059
4718085
4847729
7599548
5327291
7360802
7595699
5293155
929429
4868804
975105
5292997
785858
702583
5078519
3282457
975607
4007827
981878
783989
5040917
5033165
4880083
941888
3345071
3607266
7813747
3228692
4851685
7239556
953900
978636
6277441
5068407
2449323
941337
4873791
2365819
978670
7745568
6609093
3899524
7239369
5078338
5454890
4852862
7102455
5087268
7792383
783968
2217110
2323233
1215768
5033264
1229256
3522471
3343622
4881982
5769346
975162
5457093
4853198
3343267
4297625
1132696
684416
5078516
6661915
5078358
7590166
2649623
3457194
705109
1006606
3469293
6036887
8509452
4879485
3615406
4879616
3223658
4870425
4513585
943094
5327287
3479999
783073
3701854
974476
5289179
976501
5000057
6640370
3323251
1239689
7699668
2054181
4853391
4849121
5772123
5327289
7360755
4560319
4853044
5107833
5103276
5779204
790023
685868
7811292
3568777
8669416
8571137
8814501
8778077
4234612
4869351
8746636
8809311
7285321
701914
3915273
5539765
5802003
2254870
4106548
1640460
4853111
6211775
4869091
5103647
8561973
8708669
943460
6640373
5103303
977585
977793
3978448
976274
5093051
8644447
5103445
5313042
8595233
5087177
7332461
976883
2392358
4871474
978615
976687
5033763
7284804
7599894
5986647
8494892
5103674
5770954
6750517
4848902
2418274
2518649
5060991
2706764
5579807
5327299
5801645
7249350
5093201
768299
681746
4882497
5775463
3315658
4882225
8318385
5801580
3970567
5110395
4850882
3244579
3169688
4292081
785759
2257945
3600929
4852931
5033423
8028558
4868918
3932090
6368592
5313309
5086952
2389238
4707792
977453
5289085
2148638
976627
974701
977956
5294091
4850971
4853683
8617642
5327300
5068271
1011716
6427167
768323
4871467
4879709
5801783
2431116
8119152
3209313
2207425
5123806
4848955
976294
768305
8372443
5078346
3932311
6873900
4853714
4851730
977923
977396
8559889
4851433
4359660
768343
8587736
4509810
978230
4873820
5079021
4869224
2400461
978751
4882394
3529539
5107432
4212003
4472892
5293051
4848672
1010583
3863164
974135
5801950
5801977
5049968
4559543
2427787
4102352
943372
3404685
4873557
970079
6485574
5775411
7110822
978800
7133720
4879689
4879240
4133169
4876352
705174
975521
977174
4873640
4428322
3685732
3929638
3972456
4852661
2335538
4923777
5771131
1058739
4870507
4853331
4849794
4408524
5093126
978058
977473
974643
977374
4880092
768298
4881852
1215821
4133103
6210103
975131
844581
5124682
4850028
768324
1014939
4882270
3749027
4015070
3199122
709780
4139324
782518
2617279
5801688
2513211
977980
5073442
978090
789257
776346
3972511
974578
2410736
5095416
5033172
975691
5097878
4717359
2318730
975620
3368048
5103057
974309
939054
974889
3576882
976291
4605352
981745
2552309
1730733
777103
4851283
5074758
7613496
5087309
4850100
702405
5078763
705170
707455
710421
683525
707497
976428
6886643
5078944
705865
977362
2464338
974749
975500
5032957
768316
4081320
8316911
8536064
4848031
4852267
5068387
4851501
4420251
2706957
2509753
5810907
768328
3654958
3958362
1591509
4848803
974944
2507668
8780403
5042879
978195
7992856
4852860
4871513
6404970
5032919
4873539
4881764
8512769
7311509
8475931
975034
974495
768322
3438285
5294095
3823555
974190
4852732
4853078
7311495
4851881
3245564
7693526
975218
4434851
702408
4418513
5769347
5087496
4876359
4570373
2427634
1011367
974631
1209342
975148
2432810
4446368
2707441
4853375
8594945
768319
705131
5445631
705907
4723486
683886
4275489
4453041
5078771
4298552
5827432
3497766
4851905
681711
4881927
3473892
682790
929112
6531581
5775538
1074538
976504
4852385
3562131
3507594
1186849
7899172
683608
6672526
3674971
4868847
6276895
3546282
3443827
1514012
8262680
8505285
2258442
5932411
4874013
5080625
976063
5033266
5771955
7790059
4874287
6878603
768313
4868505
4007818
6618239
5293898
4853238
5098236
5077788
2427748
5078311
5033161
4882697
4849418
977373
5803600
5327286
7347074
736091
5033249
5801690
5107533
7197339
2545697
7722378
8354071
4852316
4880043
4813592
5110256
4879295
4851016
975198
4874011
4853002
7148381
3576266
7297550
3800699
976873
977035
1058369
4474333
708018
702837
4879379
5080558
5093220
5223250
4773720
5223242
3975765
976061
4346950
5078647
2236271
5080477
5107612
4454492
4154735
975886
2168618
4427238
8332866
5287750
708431
4104555
1094020
5078570
7990688
8388105
5775573
6474702
4802284
4869023
7744781
7999776
975834
8605913
4880198
941868
8483733
2254194
8177942
6897812
977634
5313679
5293876
1815902
5098246
5087316
5033911
8772966
8830774
975988
5098255
975415
5810944
8026179
975919
5579773
4873459
4873440
5098174
4847752
975880
5810885
975859
5810870
5810858
4879781
5033878
975805
5033861
975788
5095318
5098054
4847633
5078786
975755
975753
975747
975743
5327303
7745581
4851526
4879620
4847513
4879570
4879528
4851704
4879505
4853806
4474932
5771969
5078489
5771914
5027071
5771900
4853694
5769472
975400
5078410
975386
5771870
5033444
5033437
4853643
975357
4853640
975351
4879301
5801633
975287
4853569
975282
5033332
4853540
5033325
975245
5110364
975210
5033280
5962196
975138
7312653
4853401
5033178
975103
975085
5801881
5078086
975049
975042
975038
7235510
975015
974927
974894
974858
6740897
4853122
974835
974784
4852463
974780
8619252
5077767
974738
974737
5077745
5077736
974700
4852979
974670
5771154
4852679
974642
974634
6965421
5501428
974610
974606
974591
974581
4274952
974553
704866
5771007
5103216
5103189
4879106
974440
974431
4852707
5041946
7792382
974414
5068106
4868846
8320028
4852674
974375
6477165
5288895
5291613
5316718
977054
4852587
5289188
5796440
974264
5549526
974257
5289164
5289149
5289133
974213
974207
974203
5803608
5810752
5796345
4852426
4868985
5077729
6849299
5288982
4871616
5288974
5288939
5327437
5327436
7703186
4852247
4852241
5288834
5771004
5327301
5327294
5327281
5327274
4871382
4293489
5327268
768347
768337
5033113
768329
4852083
768321
768317
768315
768312
768311
768310
4871321
4852035
7242055
7311536
4851981
5771189
5068170
977716
4851926
5089497
6880950
2142247
5018832
5087466
977797
5063727
5033408
7992628
8064516
8459153
5078393
6553287
5078416
5802001
5801991
4851680
6855725
5455236
5771100
5801944
5801941
978039
7047582
4847521
8640942
4886047
5801867
4882254
8826384
5801801
4869467
4851439
5033766
978231
947407
8440707
6439159
4851332
5769524
5313619
5313601
5801587
4870498
7220581
4851205
709656
4847926
5769349
4851130
4870391
5769313
4851091
5294055
978605
5294062
4851006
5107841
5294041
5294025
6651316
5313279
5313257
5313234
5313228
5775523
4850877
5313177
5107700
5775453
5293877
5223244
6539536
4876467
4876459
5775385
5107530
5107510
4580980
4876344
4876331
978769
7759324
4876284
4882702
683366
4882685
8775739
5804744
978626
8294579
8459059
6731796
4874356
978552
978543
8619508
974284
978483
7778313
978473
4182535
978432
5068599
978389
4869490
5068511
5068501
5097939
5498699
978243
4850095
4869354
5293110
4850060
5291837
978162
4869267
5074734
5068312
978115
6678005
4882053
7617384
4882027
5068233
6673449
2422742
978011
3244594
4869100
5087412
977965
974558
977926
5093181
4849746
977853
977836
5107812
977808
5857761
5093660
977781
977774
5857707
977746
4849514
4849565
5313252
977684
977683
974714
977618
5080622
4066101
5080607
2223252
4868697
977557
977540
5894162
977523
977495
8554271
7995642
4868568
977433
5086865
7989700
4849258
977390
977387
5775506
977327
5773809
5087391
4849138
7269804
977209
977202
977190
977188
5812616
974200
5092999
977136
7282155
5769216
4007820
5068339
3461997
5033769
5068428
5234106
5291872
976938
974499
976865
976853
5073448
976843
5073439
976837
8027083
974560
974564
976769
4848629
2588416
4848570
7282116
976662
5291556
976635
976604
5291506
4869177
4848439
4848436
5291463
5291435
5291426
976503
5291405
976479
974914
974922
4848318
4873976
5291329
976366
976363
4873854
976303
4848164
4848115
4880199
4873777
4604078
4873738
5223254
4873717
4873716
976152
4880066
4880046
5098335
8809662
4847904
4847903
976035
4879993
5579873
976000
